1 10149
2 10037
3 10065
4 10132
5 9907
6 9969
7 10119
8 9925
9 9978
10 10311
11 10065
12 10145
13 9828
14 9780
15 10260
16 10055
17 10067
18 9793
19 10088
20 9881
21 9894
22 10249
23 9953
24 9919
25 10016
26 10114
27 9845
28 9946
29 10018
30 10044
31 10160
32 10023
33 9918
34 9888
35 9968
36 9959
37 10034
38 10064
39 9967
40 9799
41 9884
42 10084
43 10056
44 9947
45 10018
46 9858
47 10131
48 9981
49 10016
50 9998
51 9996
52 9947
53 10006
54 10051
55 10017
56 9874
57 10151
58 9956
59 9913
60 10051
61 10139
62 9833
63 9946
64 9893
65 9873
66 9883
67 9850
68 10177
69 9996
70 9980
71 10027
72 9937
73 10025
74 10052
75 9972
76 10264
77 10116
78 10031
79 10054
80 9955
81 10148
82 10075
83 10023
84 10064
85 9929
86 9991
87 10081
88 9968
89 9927
90 9899
91 10019
92 10041
93 10208
94 9861
95 9879
96 9962
97 10061
98 9959
99 9934
100 10200
101 9775
102 10106
103 9927
104 9900
105 9961
106 9976
107 10265
108 9738
109 10288
110 10234
111 9975
112 9989
113 10084
114 10013
115 9913
116 10175
117 9778
118 9935
119 10033
120 10023
121 10021
122 10035
123 10054
124 10007
125 10144
126 9973
127 10134
128 10122
129 9936
130 10036
131 10038
132 10059
133 10114
134 9807
135 10020
136 10075
137 10099
138 9902
139 10150
140 9942
141 10036
142 9969
143 9982
144 9923
145 10058
146 10083
147 10148
148 9992
149 9870
150 10053
151 9891
152 10092
153 9888
154 9968
155 9971
156 10063
157 10114
158 10134
159 10229
160 10032
161 10289
162 9914
163 9921
164 10006
165 9959
166 10019
167 9744
168 10262
169 10042
170 10121
171 10022
172 9997
173 9964
174 10021
175 9879
176 9941
177 9898
178 10041
179 10091
180 10120
181 10175
182 10081
183 10073
184 10094
185 9924
186 10088
187 10040
188 10033
189 10063
190 9844
191 10168
192 10039
193 10019
194 9974
195 10135
196 10002
197 10047
198 10094
199 9897
200 9967
201 10056
202 9866
203 10083
204 9907
205 9996
206 10054
207 9814
208 10063
209 10183
210 10010
211 10204
212 10194
213 10084
214 9777
215 9935
216 9844
217 10197
218 10109
219 9870
220 10154
221 10004
222 10092
223 9955
224 10071
225 10026
226 9948
227 9968
228 9987
229 10130
230 10055
231 9920
232 9767
233 10094
234 9841
235 10162
236 9926
237 10201
238 10109
239 10131
240 9981
241 9955
242 10040
243 10018
244 10092
245 10064
246 9967
247 10086
248 9921
249 9999
250 9996
251 10107
252 9988
253 10000
254 10080
255 10042
256 10016
257 9944
258 10012
259 9953
260 10040
261 10125
262 9970
263 9842
264 9986
265 10023
266 9960
267 10094
268 9976
269 10029
270 10249
271 10010
272 9926
273 10038
274 10089
275 9961
276 10013
277 9984
278 9940
279 9972
280 9915
281 10043
282 9913
283 10054
284 9973
285 10049
286 9845
287 9897
288 10027
289 9751
290 10032
291 10011
292 10062
293 9900
294 9881
295 10023
296 10036
297 10120
298 9948
299 9964
300 10218
301 9875
302 9950
303 9978
304 9974
305 9959
306 9833
307 10212
308 10083
309 9936
310 9844
311 9945
312 9950
313 10004
314 10088
315 10071
316 10019
317 10078
318 10138
319 9992
320 9953
321 10067
322 10143
323 9931
324 10187
325 10172
326 9825
327 10171
328 10141
329 10152
330 10133
331 9999
332 9979
333 10130
334 9936
335 9871
336 9979
337 9921
338 9919
339 10013
340 9988
341 10301
342 9917
343 9973
344 10093
345 9847
346 10076
347 9826
348 10132
349 9692
350 9991
351 10043
352 9958
353 10034
354 9914
355 9903
356 10074
357 10062
358 10052
359 9955
360 9906
361 10042
362 9987
363 10057
364 10000
365 10134
366 9924
367 9984
368 10031
369 9921
370 9886
371 9865
372 9930
373 9854
374 9956
375 10235
376 9804
377 10044
378 10334
379 10054
380 10086
381 9806
382 10009
383 10049
384 10040
385 9928
386 10094
387 9900
388 9859
389 9916
390 9917
391 10218
392 10251
393 10038
394 10091
395 10015
396 10049
397 10102
398 10025
399 9927
400 10103
401 10063
402 9846
403 10008
404 9959
405 10032
406 10005
407 9964
408 10030
409 10126
410 10177
411 9820
412 10059
413 10081
414 9980
415 10073
416 10160
417 10048
418 9911
419 10075
420 10026
421 9965
422 10011
423 9958
424 9823
425 9988
426 9996
427 9946
428 9897
429 10061
430 9984
431 9896
432 9970
433 9850
434 10098
435 9993
436 9976
437 9954
438 10002
439 10065
440 9936
441 10110
442 9944
443 10155
444 9855
445 9988
446 9789
447 10059
448 9979
449 10025
450 10168
451 9931
452 10020
453 9967
454 10250
455 9903
456 10109
457 9959
458 9984
459 10257
460 9800
461 10186
462 9708
463 10114
464 10068
465 10193
466 10067
467 9838
468 10054
469 10066
470 10027
471 10158
472 10092
473 9941
474 9986
475 9891
476 10073
477 9968
478 9846
479 9979
480 9859
481 10082
482 10075
483 10127
484 9960
485 9975
486 9891
487 10115
488 9978
489 10042
490 9804
491 9940
492 10072
493 10072
494 10020
495 10061
496 10106
497 9997
498 10019
499 9797
500 10023
501 9886
502 10110
503 10023
504 10007
505 9887
506 10395
507 10156
508 10003
509 10028
510 10090
511 9919
512 10130
513 10026
514 10121
515 9889
516 9963
517 10080
518 10044
519 10113
520 9948
521 10000
522 10058
523 10039
524 9859
525 10075
526 10119
527 9775
528 9972
529 9908
530 10113
531 10044
532 9906
533 10263
534 9923
535 10012
536 9844
537 10162
538 10094
539 10052
540 10220
541 9993
542 9921
543 10139
544 10162
545 10034
546 9968
547 10018
548 10156
549 9913
550 10149
551 10120
552 10162
553 10059
554 9912
555 10137
556 10024
557 10034
558 9992
559 9929
560 10019
561 10070
562 10143
563 10136
564 9941
565 10034
566 10053
567 10159
568 10032
569 10128
570 10095
571 10009
572 9876
573 10116
574 9990
575 10017
576 10121
577 9837
578 9933
579 10272
580 10116
581 9889
582 10107
583 9900
584 10115
585 9905
586 10096
587 10223
588 9879
589 10116
590 10043
591 10058
592 9766
593 9846
594 9881
595 9874
596 10017
597 9957
598 10111
599 9795
600 10108
601 9950
602 9878
603 10101
604 9904
605 9983
606 9921
607 10056
608 10054
609 10092
610 9989
611 9844
612 9980
613 10041
614 10128
615 9887
616 9920
617 10112
618 10032
619 9887
620 10122
621 10109
622 9941
623 10187
624 9851
625 9833
626 10050
627 9931
628 9896
629 10005
630 9847
631 9961
632 10083
633 9906
634 10053
635 9827
636 9918
637 10079
638 10156
639 10046
640 10210
641 10131
642 10011
643 10015
644 9927
645 10078
646 10049
647 10124
648 9929
649 10047
650 10028
651 9996
652 10102
653 9983
654 10135
655 9945
656 9966
657 10109
658 9962
659 9936
660 9856
661 9790
662 9985
663 9985
664 10014
665 9793
666 10024
667 10074
668 10109
669 10083
670 10000
671 9804
672 10154
673 10049
674 10052
675 10182
676 10197
677 9886
678 10068
679 9956
680 10128
681 10109
682 9987
683 10016
684 10109
685 10051
686 10197
687 9858
688 9978
689 10083
690 9995
691 10119
692 10216
693 10011
694 10020
695 9967
696 10059
697 9847
698 9847
699 10088
700 10101
701 10006
702 9892
703 9861
704 9914
705 9913
706 10004
707 9838
708 10119
709 9896
710 10106
711 10041
712 10003
713 9893
714 9941
715 9878
716 9972
717 10113
718 9986
719 9887
720 9952
721 9935
722 10168
723 10107
724 9969
725 9965
726 10072
727 10046
728 9656
729 9949
730 10170
731 10003
732 10316
733 10052
734 10125
735 9959
736 10058
737 9829
738 9820
739 10128
740 10114
741 10237
742 10099
743 10052
744 9829
745 10039
746 9972
747 10235
748 10205
749 9974
750 10148
751 10144
752 9861
753 10167
754 9976
755 10097
756 10096
757 9928
758 10131
759 10130
760 10020
761 10073
762 10136
763 9923
764 9895
765 10033
766 9943
767 9919
768 10235
769 9822
770 9914
771 10208
772 10226
773 9625
774 9956
775 9724
776 9875
777 10050
778 9994
779 9866
780 10086
781 9817
782 10054
783 9931
784 10241
785 10273
786 9977
787 10177
788 9898
789 10109
790 10124
791 10186
792 9977
793 9849
794 9826
795 9890
796 10068
797 9985
798 9985
799 9911
800 10143
801 10009
802 9892
803 10007
804 10329
805 10025
806 9893
807 10152
808 9952
809 9965
810 9833
811 10142
812 9913
813 9909
814 10120
815 9841
816 10065
817 10275
818 10046
819 9925
820 10007
821 10069
822 9944
823 9972
824 10051
825 10021
826 10026
827 10132
828 10140
829 9979
830 9775
831 10220
832 9924
833 10074
834 10079
835 10164
836 10132
837 9906
838 10105
839 10122
840 9885
841 9951
842 10022
843 10046
844 9963
845 10062
846 10064
847 9939
848 9980
849 10022
850 10132
851 10100
852 9922
853 9771
854 9974
855 9969
856 10069
857 9963
858 10026
859 9943
860 9984
861 10077
862 10165
863 10115
864 9996
865 10117
866 10162
867 9894
868 10071
869 10038
870 10090
871 10100
872 9822
873 9921
874 10044
875 10041
876 10158
877 9942
878 9819
879 9996
880 9816
881 10063
882 10087
883 9968
884 10120
885 10148
886 9996
887 10088
888 10063
889 9938
890 10008
891 9893
892 10061
893 10179
894 9784
895 9954
896 9978
897 9961
898 10191
899 9892
900 9987
901 10178
902 10064
903 10069
904 9987
905 10047
906 10050
907 10193
908 9880
909 10077
910 9945
911 10076
912 10002
913 10060
914 9979
915 10055
916 9950
917 9843
918 10002
919 9963
920 10234
921 10252
922 10021
923 10097
924 10047
925 9957
926 9978
927 9933
928 9974
929 9931
930 10080
931 9831
932 10012
933 10037
934 10233
935 9891
936 10014
937 9894
938 9678
939 10021
940 9922
941 10020
942 10085
943 10068
944 9896
945 9882
946 9997
947 9696
948 10032
949 9982
950 9950
951 10066
952 9868
953 10075
954 9979
955 10000
956 10021
957 10151
958 10345
959 9956
960 9971
961 9899
962 9680
963 10003
964 10005
965 9934
966 10045
967 9931
968 10011
969 9897
970 10001
971 10132
972 9926
973 10105
974 10083
975 9904
976 9936
977 10098
978 9946
979 9796
980 10185
981 10063
982 10045
983 10046
984 10112
985 9924
986 9908
987 10008
988 9853
989 9859
990 10045
991 10033
992 10112
993 9905
994 9986
995 9933
996 9969
997 10178
998 10160
999 9889
1000 10293
1001 10042
1002 9973
1003 10020
1004 9868
1005 9986
1006 10032
1007 10011
1008 9984
1009 9947
1010 9876
1011 9929
1012 9952
1013 9860
1014 9790
1015 9892
1016 10130
1017 9990
1018 9881
1019 10251
1020 9954
1021 9907
1022 9887
1023 10100
1024 9885
1025 10011
1026 10133
1027 9874
1028 9841
1029 10079
1030 10147
1031 10150
1032 10117
1033 10112
1034 9856
1035 10081
1036 10121
1037 10290
1038 9982
1039 10115
1040 9991
1041 9935
1042 10134
1043 10072
1044 9849
1045 9938
1046 10156
1047 10137
1048 9886
1049 9899
1050 9995
1051 10238
1052 9993
1053 9902
1054 9948
1055 10092
1056 10000
1057 10090
1058 10095
1059 9880
1060 10205
1061 9942
1062 10182
1063 10185
1064 10157
1065 10052
1066 9924
1067 10136
1068 9910
1069 10027
1070 10111
1071 10193
1072 10070
1073 10188
1074 9964
1075 10001
1076 9929
1077 9993
1078 9963
1079 9917
1080 9916
1081 9864
1082 9901
1083 10035
1084 9972
1085 9883
1086 9929
1087 10001
1088 10109
1089 10190
1090 10177
1091 10186
1092 10054
1093 9663
1094 10083
1095 10000
1096 10055
1097 9879
1098 9962
1099 9968
1100 9984
1101 10027
1102 9958
1103 10031
1104 9979
1105 9996
1106 10047
1107 10041
1108 9890
1109 10043
1110 10050
1111 10198
1112 10033
1113 10028
1114 10073
1115 10190
1116 9907
1117 9900
1118 9982
1119 9906
1120 9941
1121 10134
1122 10069
1123 9931
1124 9953
1125 10258
1126 10018
1127 9916
1128 9969
1129 10028
1130 9864
1131 9962
1132 10158
1133 9728
1134 10113
1135 9978
1136 9800
1137 9992
1138 10076
1139 9839
1140 9987
1141 9985
1142 9972
1143 9735
1144 9959
1145 10016
1146 10043
1147 9990
1148 10035
1149 9922
1150 9932
1151 9908
1152 10155
1153 10083
1154 9976
1155 10027
1156 10056
1157 10234
1158 9859
1159 10170
1160 9809
1161 10240
1162 10040
1163 9939
1164 9787
1165 10095
1166 9782
1167 10039
1168 10207
1169 10075
1170 10137
1171 10260
1172 10100
1173 9948
1174 9961
1175 9797
1176 10147
1177 9917
1178 10132
1179 9901
1180 9856
1181 9799
1182 9842
1183 10179
1184 9869
1185 10151
1186 9888
1187 9955
1188 9914
1189 10086
1190 9884
1191 9913
1192 10039
1193 10205
1194 9925
1195 9992
1196 10074
1197 10174
1198 9895
1199 9862
1200 9906
1201 10049
1202 10070
1203 10136
1204 10002
1205 9882
1206 10055
1207 10147
1208 10327
1209 10015
1210 9998
1211 10135
1212 10152
1213 10052
1214 10052
1215 9867
1216 10028
1217 10046
1218 10124
1219 9944
1220 10035
1221 10065
1222 10180
1223 10133
1224 9862
1225 10018
1226 10014
1227 9987
1228 9890
1229 9908
1230 10077
1231 9980
1232 10052
1233 10253
1234 9902
1235 9806
1236 9871
1237 9893
1238 10046
1239 10003
1240 10091
1241 10096
1242 10019
1243 10003
1244 10092
1245 9910
1246 10158
1247 10047
1248 9858
1249 9924
1250 10101
1251 9848
1252 10073
1253 10152
1254 9966
1255 10173
1256 9977
1257 10015
1258 10065
1259 9996
1260 9882
1261 10022
1262 9834
1263 9923
1264 10155
1265 10181
1266 9993
1267 10059
1268 10144
1269 10045
1270 9878
1271 10105
1272 9850
1273 9938
1274 10014
1275 10076
1276 10103
1277 10067
1278 9942
1279 9848
1280 9892
1281 10098
1282 9838
1283 9936
1284 9842
1285 9912
1286 10119
1287 10003
1288 9951
1289 9923
1290 10086
1291 9957
1292 9933
1293 10043
1294 10168
1295 10006
1296 10023
1297 10022
1298 9940
1299 10030
1300 9887
1301 10141
1302 10020
1303 10039
1304 10011
1305 9892
1306 9980
1307 9875
1308 10322
1309 9905
1310 10074
1311 10018
1312 10017
1313 9993
1314 9862
1315 10069
1316 9917
1317 10273
1318 10055
1319 9872
1320 10195
1321 10221
1322 10150
1323 10090
1324 9945
1325 10248
1326 10101
1327 10100
1328 9971
1329 10128
1330 10050
1331 9944
1332 10017
1333 10030
1334 10000
1335 10191
1336 9879
1337 10058
1338 10070
1339 9745
1340 9846
1341 10087
1342 10056
1343 10176
1344 10197
1345 10016
1346 10020
1347 10063
1348 9984
1349 9878
1350 10064
1351 10092
1352 10005
1353 10196
1354 10059
1355 10056
1356 10114
1357 9971
1358 9695
1359 9925
1360 10053
1361 10038
1362 9920
1363 9997
1364 9883
1365 10122
1366 9986
1367 10067
1368 10120
1369 10173
1370 9981
1371 10133
1372 10045
1373 9862
1374 9800
1375 10234
1376 9991
1377 10206
1378 10001
1379 9914
1380 10016
1381 9972
1382 9830
1383 10052
1384 10066
1385 10151
1386 10026
1387 9979
1388 10131
1389 9779
1390 9949
1391 9990
1392 9873
1393 9890
1394 10087
1395 9948
1396 10034
1397 9985
1398 9948
1399 9828
1400 10111
1401 10016
1402 9766
1403 9926
1404 9879
1405 10195
1406 9827
1407 10065
1408 10097
1409 9977
1410 9991
1411 10054
1412 10163
1413 9996
1414 9861
1415 10149
1416 10018
1417 9795
1418 10056
1419 10127
1420 9828
1421 9924
1422 10063
1423 9892
1424 10011
1425 9919
1426 9912
1427 10055
1428 10147
1429 9893
1430 9837
1431 10098
1432 9823
1433 9937
1434 10112
1435 9909
1436 9886
1437 10020
1438 10115
1439 10077
1440 9997
1441 9941
1442 9876
1443 9919
1444 10042
1445 10030
1446 10118
1447 10079
1448 9940
1449 10044
1450 9989
1451 9875
1452 9997
1453 9873
1454 9931
1455 10048
1456 9803
1457 9935
1458 9860
1459 10165
1460 9971
1461 9870
1462 9946
1463 9779
1464 10027
1465 9989
1466 9825
1467 10080
1468 10008
1469 10052
1470 10099
1471 9857
1472 9949
1473 10103
1474 9885
1475 10147
1476 9978
1477 10224
1478 10193
1479 9991
1480 9947
1481 10093
1482 9944
1483 10006
1484 10149
1485 10015
1486 10094
1487 9970
1488 10093
1489 10140
1490 10225
1491 9900
1492 10025
1493 9873
1494 10227
1495 10171
1496 9923
1497 10117
1498 10062
1499 10133
1500 10019
1501 10148
1502 10091
1503 10151
1504 10209
1505 10095
1506 9953
1507 10062
1508 9909
1509 9901
1510 10071
1511 10163
1512 10105
1513 9873
1514 10179
1515 10027
1516 9949
1517 10080
1518 10193
1519 10005
1520 10123
1521 10156
1522 9877
1523 9859
1524 9939
1525 9948
1526 9853
1527 10126
1528 10086
1529 10348
1530 10230
1531 10018
1532 9969
1533 10088
1534 10015
1535 10109
1536 9988
1537 9966
1538 9778
1539 10010
1540 10049
1541 9927
1542 10003
1543 10073
1544 10191
1545 10181
1546 10166
1547 9820
1548 10113
1549 10090
1550 9897
1551 9907
1552 9854
1553 10159
1554 10017
1555 10023
1556 10175
1557 10239
1558 10091
1559 9974
