1 9908
2 10075
3 10160
4 10167
5 9899
6 9936
7 9941
8 10046
9 10126
10 10076
11 10048
12 10056
13 10056
14 10158
15 10043
16 9830
17 9996
18 10037
19 10034
20 10006
21 10188
22 9962
23 10030
24 10083
25 10034
26 9891
27 9740
28 10025
29 9907
30 10140
31 10051
32 10008
33 10065
34 9877
35 9967
36 10061
37 10047
38 10140
39 9754
40 10118
41 9980
42 9915
43 9974
44 10069
45 10080
46 10067
47 9801
48 10081
49 10031
50 9854
51 9930
52 10281
53 10076
54 9875
55 9785
56 9971
57 10132
58 9833
59 10005
60 10037
61 9935
62 10117
63 9844
64 9861
65 10011
66 10089
67 10160
68 10124
69 9921
70 10074
71 10084
72 9983
73 9943
74 10009
75 9970
