1 9869
2 9755
3 10001
4 9971
5 9902
6 10004
7 9826
8 10071
9 10126
10 10074
11 10004
12 9998
13 10117
14 9926
15 9935
16 10101
17 9863
18 9842
19 10104
20 9984
21 10095
22 9997
23 9877
24 10080
25 10028
26 10150
27 10009
28 10112
29 10014
30 10090
31 9889
32 10062
33 9727
34 10007
35 10029
36 10163
37 10128
38 10085
39 10088
40 10123
41 10035
42 10164
43 10066
44 10035
45 9842
46 10356
47 10046
48 10101
49 10088
50 9971
51 10073
52 10055
53 10142
54 10116
55 9959
56 10013
57 10040
58 9933
59 10028
60 10044
61 10278
62 9932
63 10018
64 10114
65 10130
66 9863
67 9915
68 10032
69 9935
70 10051
71 10007
72 10126
73 9942
74 10196
75 9993
76 10123
77 9937
78 10090
79 10167
80 10306
81 10033
82 9996
83 10178
84 10018
85 10041
86 9818
87 9974
88 10202
89 10025
90 10207
91 9969
92 10018
93 9989
94 9927
95 10014
96 10077
97 10077
98 10100
99 9969
100 9868
101 9962
102 9917
103 10085
104 9994
105 10109
106 10153
107 9927
108 10153
109 10021
110 10048
111 9761
112 10059
113 10085
114 10157
115 9900
116 10019
117 10035
118 10017
119 9892
120 10038
121 10104
122 10008
123 10059
124 10059
125 10121
126 10060
127 10099
128 9941
129 10026
130 10017
131 9935
132 9994
133 10075
134 10163
135 10051
136 10179
137 10050
138 9828
139 9940
140 10024
141 10246
142 10263
143 10193
144 10004
145 9927
146 9927
147 9818
148 9847
149 9785
150 10092
151 10000
152 9988
153 9845
154 10230
155 9848
156 9981
157 10055
158 9973
159 9909
160 9769
161 10225
162 10056
163 9835
164 9901
165 10050
166 9965
167 10164
168 9990
169 10144
170 9899
171 9939
172 10102
173 10119
174 9957
175 10126
176 10017
177 10217
178 9835
179 10144
180 9989
181 9873
182 10030
183 10139
184 10094
185 10063
186 10055
187 9921
188 10269
189 9993
190 10303
191 10105
192 9999
193 9947
194 10154
195 10079
196 10162
197 10158
198 10028
199 9953
200 10017
201 10106
202 9969
203 10039
204 10073
205 10029
206 9907
207 9893
208 9878
209 10043
210 9995
211 10126
212 9878
213 9997
214 10215
215 9963
216 10141
217 10058
218 10036
219 10217
220 9960
221 10083
222 9949
223 9960
224 10159
225 9939
226 9967
227 10108
228 9919
229 10146
230 9864
231 10071
232 10028
233 9879
234 9863
235 10141
236 9980
237 9917
238 10006
239 9901
240 9949
241 10055
242 10050
243 9991
244 9894
245 9956
246 10058
247 10066
248 10057
249 10203
250 9919
251 9877
252 9985
253 9901
254 9826
255 10114
256 10054
257 10016
258 9970
259 10100
260 10029
261 9914
262 10147
263 9961
264 10066
265 10111
266 10047
267 9998
268 9974
269 9950
270 10094
271 10018
272 10044
273 9755
274 10182
275 10169
276 9888
277 9971
278 10118
279 10055
280 10109
281 10047
282 9965
283 9925
284 9998
285 9894
286 9782
287 9997
288 9931
289 10035
290 10002
291 10125
292 10219
293 9949
294 10098
295 10027
296 10032
297 9908
298 10191
299 9993
300 9863
301 9820
302 10076
303 10205
304 10056
305 9974
306 10047
307 9936
308 10124
309 10058
310 9939
311 10109
312 9704
313 10002
314 9936
315 10114
316 9949
317 9996
318 9835
319 10039
320 10090
321 10131
322 10073
323 10036
324 9867
325 9869
326 10035
327 9985
328 10006
329 9916
330 10054
331 9856
332 9982
333 9870
334 9932
335 10054
336 10096
337 9938
338 10102
339 10055
340 10143
341 10127
342 10006
343 9946
344 9952
345 10019
346 10247
347 10122
348 10000
349 10060
350 10094
351 10214
352 10025
353 10076
354 9843
355 9995
356 10083
357 10141
358 9914
359 10004
360 10165
361 10064
362 10027
363 9858
364 10068
365 10053
366 10207
367 10061
368 10028
369 10067
370 9866
371 9761
372 10181
373 10037
374 10001
375 10150
376 10010
377 10006
378 10088
379 9967
380 10061
381 9925
382 9983
383 10060
384 10181
385 9851
386 10069
387 10034
388 10099
389 10010
390 10118
391 10089
392 9908
393 9912
394 10131
395 10107
396 9808
397 9926
398 9979
399 10100
400 9892
401 9825
402 9977
403 9985
404 9915
405 10009
406 9840
407 9909
408 10119
409 10013
410 10062
411 9725
412 9968
413 9962
414 10037
415 9955
416 10098
417 10073
418 9958
419 10051
420 10033
421 10094
422 10239
423 10277
424 9883
425 10137
426 9957
427 10043
428 9959
429 9864
430 10168
431 10162
432 10211
433 9892
434 9967
435 9797
436 9984
437 9865
438 10068
439 10045
440 9729
441 9863
442 10046
443 9888
444 10026
445 9904
446 9879
447 9898
448 9986
449 9921
450 9935
451 9811
452 9920
453 10032
454 10148
455 9995
456 10200
457 9951
458 10071
459 9996
460 10069
461 10089
462 9918
463 10163
464 10012
465 10018
466 9813
467 9950
468 9990
469 10044
470 10115
471 9988
472 10162
473 9929
474 9921
475 10010
476 9925
477 9915
478 10018
479 10190
480 10013
481 10038
482 10092
483 10081
484 9901
485 10153
486 9906
487 9823
488 10042
489 9864
490 10113
491 9964
492 10055
493 9857
494 9897
495 9841
496 10132
497 10000
