1 10051
2 10000
3 9982
4 9995
5 10197
6 10172
7 10098
8 10009
9 9997
10 9868
11 10019
12 9847
13 9994
14 9799
15 10001
16 9936
17 10052
18 10131
19 10082
20 9961
21 10014
22 9836
23 10031
24 9828
25 9975
26 10076
27 9940
28 10083
29 9895
30 9909
31 9993
32 10065
33 9972
34 10173
35 9888
36 9897
37 10000
38 10017
39 9883
40 10024
41 10016
42 10073
43 9819
44 10011
45 10031
46 10181
47 10037
48 9939
49 9948
50 9988
51 9874
52 9999
53 9898
54 10038
55 10088
56 9895
57 10053
58 10022
59 9982
60 9936
61 10008
62 10090
63 9931
64 10052
65 10052
66 9933
67 10071
68 10017
69 10145
70 10094
71 10058
72 10067
73 9958
74 9967
75 9914
76 10041
77 10142
78 9919
79 10190
80 10103
81 10073
82 10012
83 9979
84 10172
85 10000
86 10172
87 10202
88 9943
89 10106
90 10242
91 9766
92 9997
93 9912
94 10116
95 9938
96 10004
97 10076
98 9975
99 9879
100 10029
101 9665
102 10163
103 9987
104 9940
105 9907
106 10014
107 9964
108 9807
109 10073
110 10039
111 10109
112 10036
113 9806
114 9961
115 9968
116 9785
117 9836
118 10160
119 9890
