1 20614
2 7405
3 2916
4 17168
5 125
6 15148
7 9165
8 10593
9 9622
10 11582
11 4629
12 28230
13 8579
14 3824
15 7104
16 19335
17 26615
18 21173
19 20881
20 5854
21 12704
22 83
23 8277
24 13550
25 81
26 5263
27 999
28 104
29 7070
30 11725
31 2753
32 107
33 9990
34 2443
35 99
36 4766
37 36412
38 10184
39 12046
40 2110
41 17861
42 16484
43 8262
44 112
45 15146
46 22215
47 14426
48 10161
49 2456
50 14954
51 2488
52 11842
53 19800
54 13971
55 4069
56 7768
57 13456
58 6632
59 4023
60 18715
61 19083
62 50
63 7199
64 11316
65 52
66 523
67 13761
68 27786
69 97
70 10212
71 5122
72 78
73 23137
74 14154
75 34723
76 22364
77 18869
78 154
79 11150
80 26761
81 5079
82 7993
83 70
84 22588
85 6706
86 32025
87 38979
88 15066
89 4183
90 5028
91 13382
92 24698
93 14904
94 16050
95 11668
96 6579
97 18923
98 13614
99 11260
100 26277
101 8889
102 12687
103 15672
104 14726
105 83
106 5700
107 8640
108 105
109 16752
110 16365
111 5205
112 2986
113 52
114 21904
115 7805
116 12235
117 7999
118 8981
119 30546
120 25929
121 13015
122 26801
123 116
124 22638
125 58
126 61
127 118
128 638
129 67
130 4887
131 18054
132 10707
133 3388
134 4378
135 7959
136 12754
137 89
138 11064
139 12103
140 8325
141 113
142 13687
143 91
144 13296
145 15403
146 24311
147 112
148 20895
149 22546
150 7028
151 14568
152 21389
153 10127
154 22820
155 2765
156 129
157 19138
158 15000
159 11813
160 71
161 3026
162 16079
163 17267
164 23770
165 101
166 8287
167 99
168 8204
169 23558
170 5644
171 90
172 66
173 471
174 12004
175 20994
176 24829
177 2718
178 107
179 14429
180 23166
181 17161
182 1627
183 17079
184 17548
185 10911
186 67
187 54
188 12636
189 151
190 3688
191 11707
192 2464
193 19516
194 14461
195 15088
196 12923
197 3246
198 16448
199 48
200 30776
201 10572
202 17409
203 4993
204 18826
205 153
206 16588
207 107
208 535
209 9688
210 6782
211 29743
212 11780
213 15080
214 18734
215 29
216 66
217 18294
218 11571
219 565
220 14883
221 7609
222 25728
223 4581
224 13536
225 77
226 23196
227 4651
228 4471
229 83
230 9247
231 3038
232 17114
233 14071
234 1331
235 21379
236 1044
237 16019
238 13318
239 10017
240 11102
241 1792
242 22455
243 6772
244 63
245 6214
246 2920
247 109
248 15500
249 9577
250 23954
251 9396
252 92
253 10259
254 12027
255 2213
256 24533
257 9553
258 87
259 108
260 16844
261 99
262 16653
263 26680
264 69
265 8430
266 18511
267 2183
268 14186
269 18003
270 116
271 23042
272 19343
273 7215
274 17812
275 15572
276 4982
277 93
278 26531
279 16713
280 8552
281 15511
282 11709
283 9640
284 20340
285 11154
286 13888
287 1004
288 29489
289 13237
290 10225
291 3476
292 17230
293 77
294 15980
295 92
296 17909
297 4326
298 20582
299 13084
300 7289
301 15722
302 17888
303 5538
304 18505
305 118
306 8194
307 23326
308 18810
309 3878
310 20320
311 23564
312 19763
313 16647
314 22648
315 24527
316 12511
317 16586
318 127
319 16068
320 12153
321 5127
322 5717
323 17892
324 17239
325 4608
326 1559
327 16157
328 69
329 23495
330 114
331 20138
332 11344
333 83
334 2139
335 2570
336 13752
337 13140
338 14553
339 15666
340 7426
341 9353
342 18251
343 4935
344 6528
345 4512
346 116
347 13223
348 93
349 9217
350 19102
351 11318
352 14638
353 3612
354 11626
355 18837
356 26913
357 10810
358 9364
359 109
360 14712
361 12200
362 10536
363 15902
364 17819
365 13331
366 7831
367 7472
368 15038
369 15105
370 29614
371 7647
372 109
373 1515
374 28998
375 96
376 768
377 8311
378 9051
379 45603
380 258
381 26869
382 11836
383 2996
384 4841
385 31441
386 16971
387 14963
388 67
389 10228
390 5857
391 7838
392 2211
393 19224
394 22612
395 6967
396 6112
397 62
398 33944
399 12474
400 87
401 17263
402 18493
403 10719
404 110
405 10642
406 15423
407 14663
408 29607
409 7829
410 7084
411 17291
412 19169
413 4480
414 1500
415 4182
416 28202
417 10467
418 12972
419 8487
420 16926
421 8521
422 5831
423 11057
424 13141
425 128
426 27244
427 11092
428 15020
429 13361
430 23167
431 17193
432 8673
433 8388
434 117
435 26045
436 21380
437 7371
438 23353
439 12240
440 2210
441 16775
442 17819
443 10755
444 11469
445 20588
446 2336
447 19493
448 3726
449 12351
450 115
451 59
452 107
453 67
454 117
455 21188
456 125
457 14448
458 10614
459 22816
460 26483
461 4223
462 14399
463 9006
464 8248
465 1588
466 107
467 1359
468 5499
